c 30
v 2
s 5
n 95
tmax 40.0
10.500 14.400
18.000 15.900 0 1.03
18.000 15.900 4 0.81
18.000 15.900 1 0.51
18.000 15.900 3 0.88
18.300 13.300 1 0.63
18.300 13.300 3 1.02
18.300 13.300 4 0.6
18.300 13.300 2 1.02
18.300 13.300 0 0.56
16.500 9.300 2 0.55
16.500 9.300 0 0.4
16.500 9.300 3 0.34
16.500 9.300 1 0.84
16.500 9.300 4 0.59
15.400 11.000 0 0.56
15.400 11.000 2 0.75
14.900 13.200 3 0.51
14.900 13.200 2 0.93
14.900 13.200 4 0.71
14.900 13.200 1 0.53
14.900 13.200 0 0.15
16.300 13.300 3 0.25
16.300 13.300 4 0.68
16.300 13.300 2 0.41
16.400 17.800 3 0.84
16.400 17.800 2 0.91
15.000 17.900 3 1.08
15.000 17.900 4 1.05
15.000 17.900 2 0.89
15.000 17.900 1 0.74
16.100 19.600 0 0.21
16.100 19.600 4 0.31
16.100 19.600 3 0.93
16.100 19.600 2 0.7
15.700 20.600 2 0.63
15.700 20.600 1 1.04
15.700 20.600 4 0.84
15.700 20.600 0 0.39
15.700 20.600 3 0.65
13.200 20.100 2 0.63
14.300 15.300 3 0.66
14.300 15.300 0 0.95
14.000 5.100 0 0.59
14.000 5.100 1 0.73
14.000 5.100 2 0.51
11.400 6.700 0 1.05
11.400 6.700 1 0.47
8.300 5.000 3 0.21
8.300 5.000 1 0.19
8.300 5.000 4 0.96
7.900 9.800 2 0.19
7.900 9.800 1 0.62
11.400 12.000 3 0.89
11.400 12.000 4 0.81
11.200 17.600 4 0.5
11.200 17.600 3 0.78
11.200 17.600 1 1.01
10.100 18.700 0 0.82
11.700 20.300 1 0.5
10.200 22.100 2 0.63
10.200 22.100 4 0.99
10.200 22.100 0 0.26
9.700 23.800 3 0.6
9.700 23.800 4 0.43
10.100 26.400 0 0.36
10.100 26.400 2 0.58
10.100 26.400 3 1.05
10.100 26.400 1 0.25
10.100 26.400 4 0.52
7.400 24.000 2 0.35
7.400 24.000 0 0.4
7.400 24.000 3 0.3
8.200 19.900 0 0.42
8.200 19.900 4 0.82
8.200 19.900 3 0.34
8.200 19.900 2 0.32
8.200 19.900 1 0.38
8.700 17.700 2 0.88
8.700 17.700 1 0.62
8.700 17.700 0 0.36
8.700 17.700 3 0.41
8.900 13.600 0 0.97
8.900 13.600 1 0.63
8.900 13.600 3 0.21
5.600 11.100 0 1.06
5.600 11.100 3 0.29
5.600 11.100 4 0.38
5.600 11.100 1 0.22
5.600 11.100 2 0.22
4.900 18.900 4 1.03
4.900 18.900 1 0.25
4.900 18.900 3 0.82
7.300 18.800 0 0.98
11.200 14.100
10.0 1 2 3 4 
10.0 5 6 7 8 9 
10.0 10 11 12 13 14 
10.0 15 16 
5.0 17 18 19 20 21 
5.0 22 23 24 
5.0 25 26 
5.0 27 28 29 30 
10.0 31 32 33 34 
10.0 35 36 37 38 39 
10.0 40 
5.0 41 42 
10.0 43 44 45 
15.0 46 47 
15.0 48 49 50 
10.0 51 52 
5.0 53 54 
5.0 55 56 57 
5.0 58 
10.0 59 
10.0 60 61 62 
10.0 63 64 
15.0 65 66 67 68 69 
15.0 70 71 72 
15.0 73 74 75 76 77 
10.0 78 79 80 81 
10.0 82 83 84 
10.0 85 86 87 88 89 
10.0 90 91 92 
10.0 93 
0 1 2 3 
1 4 
