c 30
v 3
s 3
n 65
tmax 30.3
10.500 14.400
18.000 15.900 1 0.2
18.000 15.900 2 0.9
18.000 15.900 0 0.2
18.300 13.300 2 0.2
18.300 13.300 1 0.8
18.300 13.300 0 0.2
16.500 9.300 2 0.4
16.500 9.300 1 0.8
15.400 11.000 1 0.4
15.400 11.000 2 0.1
15.400 11.000 0 0.7
14.900 13.200 2 0.5
14.900 13.200 1 0.1
16.300 13.300 0 0.6
16.400 17.800 2 0.4
16.400 17.800 0 0.2
15.000 17.900 0 0.2
15.000 17.900 1 0.4
16.100 19.600 0 0.3
16.100 19.600 2 0.1
16.100 19.600 1 0.9
15.700 20.600 2 1.2
13.200 20.100 2 0.1
13.200 20.100 0 0.1
13.200 20.100 1 1.0
14.300 15.300 0 0.5
14.300 15.300 2 0.1
14.000 5.100 1 0.2
14.000 5.100 2 0.7
14.000 5.100 0 0.3
11.400 6.700 2 0.7
11.400 6.700 0 1.3
8.300 5.000 2 0.7
8.300 5.000 1 1.1
7.900 9.800 1 0.9
7.900 9.800 2 0.2
7.900 9.800 0 0.1
11.400 12.000 2 0.6
11.200 17.600 0 0.2
11.200 17.600 2 0.1
11.200 17.600 1 0.3
10.100 18.700 2 0.6
11.700 20.300 0 0.9
11.700 20.300 2 0.3
10.200 22.100 0 1.3
9.700 23.800 2 1.2
10.100 26.400 2 0.8
10.100 26.400 1 1.2
7.400 24.000 0 0.3
7.400 24.000 1 1.2
7.400 24.000 2 0.3
8.200 19.900 0 0.8
8.200 19.900 1 1.1
8.700 17.700 2 0.7
8.700 17.700 1 0.5
8.900 13.600 0 1.2
5.600 11.100 1 0.9
5.600 11.100 2 0.4
4.900 18.900 1 0.1
4.900 18.900 0 0.5
4.900 18.900 2 0.6
7.300 18.800 2 0.9
7.300 18.800 1 0.3
11.200 14.100
10.0 1 2 3 
10.0 4 5 6 
10.0 7 8 
10.0 9 10 11 
5.0 12 13 
5.0 14 
5.0 15 16 
5.0 17 18 
10.0 19 20 21 
10.0 22 
10.0 23 24 25 
5.0 26 27 
10.0 28 29 30 
15.0 31 32 
15.0 33 34 
10.0 35 36 37 
5.0 38 
5.0 39 40 41 
5.0 42 
10.0 43 44 
10.0 45 
10.0 46 
15.0 47 48 
15.0 49 50 51 
15.0 52 53 
10.0 54 55 
10.0 56 
10.0 57 58 
10.0 59 60 61 
10.0 62 63 
0 1 2 
0 2 
1 
