c 30
v 4
s 5
n 93
tmax 21.375
10.500 14.400
18.000 15.900 0 0.3
18.000 15.900 2 0.2
18.000 15.900 1 0.2
18.000 15.900 4 0.6
18.300 13.300 4 0.5
18.300 13.300 3 0.1
18.300 13.300 2 0.3
18.300 13.300 0 0.3
16.500 9.300 0 1.2
15.400 11.000 0 0.6
15.400 11.000 1 0.1
15.400 11.000 2 0.2
15.400 11.000 4 0.3
14.900 13.200 3 0.1
14.900 13.200 1 0.5
16.300 13.300 1 0.2
16.300 13.300 4 0.1
16.300 13.300 0 0.2
16.300 13.300 3 0.1
16.400 17.800 1 0.5
16.400 17.800 4 0.1
15.000 17.900 0 0.1
15.000 17.900 1 0.1
15.000 17.900 2 0.2
15.000 17.900 3 0.1
15.000 17.900 4 0.1
16.100 19.600 3 0.6
16.100 19.600 2 0.1
16.100 19.600 0 0.1
16.100 19.600 1 0.4
15.700 20.600 1 1.2
13.200 20.100 4 1.1
13.200 20.100 2 0.1
14.300 15.300 4 0.1
14.300 15.300 1 0.1
14.300 15.300 0 0.1
14.300 15.300 2 0.3
14.000 5.100 4 1.2
11.400 6.700 1 1.4
11.400 6.700 2 0.4
11.400 6.700 3 0.1
8.300 5.000 2 0.2
8.300 5.000 4 0.7
8.300 5.000 0 0.6
8.300 5.000 3 0.5
7.900 9.800 2 1.3
11.400 12.000 4 0.1
11.400 12.000 0 0.1
11.400 12.000 2 0.3
11.400 12.000 1 0.1
11.200 17.600 0 0.1
11.200 17.600 4 0.3
11.200 17.600 2 0.2
10.100 18.700 2 0.6
11.700 20.300 2 0.2
11.700 20.300 3 0.1
11.700 20.300 0 0.2
11.700 20.300 1 0.2
11.700 20.300 4 0.5
10.200 22.100 3 0.3
10.200 22.100 2 0.3
10.200 22.100 4 0.1
10.200 22.100 1 0.2
10.200 22.100 0 0.4
9.700 23.800 0 0.6
9.700 23.800 3 0.4
9.700 23.800 1 0.2
10.100 26.400 0 0.6
10.100 26.400 2 0.7
10.100 26.400 1 0.1
10.100 26.400 4 0.4
7.400 24.000 3 1.8
7.400 24.000 1 0.1
8.200 19.900 3 0.1
8.200 19.900 0 1.8
8.700 17.700 0 0.7
8.700 17.700 1 0.6
8.900 13.600 1 0.6
8.900 13.600 0 0.5
8.900 13.600 4 0.1
5.600 11.100 2 0.2
5.600 11.100 3 1.0
4.900 18.900 4 0.4
4.900 18.900 3 0.3
4.900 18.900 2 0.2
4.900 18.900 0 0.3
7.300 18.800 1 0.2
7.300 18.800 4 0.1
7.300 18.800 0 0.1
7.300 18.800 3 0.4
7.300 18.800 2 0.4
11.200 14.100
10.0 1 2 3 4 
10.0 5 6 7 8 
10.0 9 
10.0 10 11 12 13 
5.0 14 15 
5.0 16 17 18 19 
5.0 20 21 
5.0 22 23 24 25 26 
10.0 27 28 29 30 
10.0 31 
10.0 32 33 
5.0 34 35 36 37 
10.0 38 
15.0 39 40 41 
15.0 42 43 44 45 
10.0 46 
5.0 47 48 49 50 
5.0 51 52 53 
5.0 54 
10.0 55 56 57 58 59 
10.0 60 61 62 63 64 
10.0 65 66 67 
15.0 68 69 70 71 
15.0 72 73 
15.0 74 75 
10.0 76 77 
10.0 78 79 80 
10.0 81 82 
10.0 83 84 85 86 
10.0 87 88 89 90 91 
0 2 
2 4 
0 1 
2 3 4 
