c 30
v 4
s 3
n 57
tmax 20.475
10.500 14.400
18.000 15.900 2 1.3
18.300 13.300 1 0.5
18.300 13.300 2 0.7
16.500 9.300 2 0.8
16.500 9.300 1 0.4
15.400 11.000 0 0.2
15.400 11.000 2 0.6
15.400 11.000 1 0.4
14.900 13.200 0 0.6
16.300 13.300 2 0.6
16.400 17.800 0 0.3
16.400 17.800 1 0.3
15.000 17.900 1 0.6
16.100 19.600 0 1.2
15.700 20.600 0 0.4
15.700 20.600 2 0.7
15.700 20.600 1 0.1
13.200 20.100 2 0.2
13.200 20.100 0 1.0
14.300 15.300 0 0.3
14.300 15.300 1 0.3
14.000 5.100 2 1.2
11.400 6.700 0 1.3
11.400 6.700 1 0.4
11.400 6.700 2 0.1
8.300 5.000 2 0.9
8.300 5.000 0 0.9
7.900 9.800 0 1.2
11.400 12.000 0 0.6
11.200 17.600 1 0.6
10.100 18.700 0 0.2
10.100 18.700 2 0.4
11.700 20.300 1 0.4
11.700 20.300 2 0.5
11.700 20.300 0 0.3
10.200 22.100 0 0.8
10.200 22.100 1 0.4
9.700 23.800 2 0.2
9.700 23.800 1 1.0
10.100 26.400 1 0.4
10.100 26.400 0 1.4
7.400 24.000 0 0.5
7.400 24.000 2 0.8
7.400 24.000 1 0.6
8.200 19.900 0 0.8
8.200 19.900 1 0.8
8.200 19.900 2 0.2
8.700 17.700 1 1.3
8.900 13.600 1 0.3
8.900 13.600 0 0.9
5.600 11.100 2 1.1
5.600 11.100 1 0.1
4.900 18.900 2 1.1
4.900 18.900 1 0.2
7.300 18.800 0 1.3
11.200 14.100
10.0 1 
10.0 2 3 
10.0 4 5 
10.0 6 7 8 
5.0 9 
5.0 10 
5.0 11 12 
5.0 13 
10.0 14 
10.0 15 16 17 
10.0 18 19 
5.0 20 21 
10.0 22 
15.0 23 24 25 
15.0 26 27 
10.0 28 
5.0 29 
5.0 30 
5.0 31 32 
10.0 33 34 35 
10.0 36 37 
10.0 38 39 
15.0 40 41 
15.0 42 43 44 
15.0 45 46 47 
10.0 48 
10.0 49 50 
10.0 51 52 
10.0 53 54 
10.0 55 
1 
0 2 
1 2 
0 1 
