c 30
v 4
s 5
n 80
tmax 23.05
10.500 14.400
18.000 15.900 0 0.7
18.000 15.900 2 0.6
18.300 13.300 4 1.2
16.500 9.300 1 0.2
16.500 9.300 3 1.1
15.400 11.000 1 0.2
15.400 11.000 4 0.3
15.400 11.000 2 0.4
15.400 11.000 0 0.3
14.900 13.200 0 0.6
16.300 13.300 3 0.1
16.300 13.300 0 0.1
16.300 13.300 4 0.1
16.300 13.300 2 0.1
16.300 13.300 1 0.2
16.400 17.800 0 0.1
16.400 17.800 4 0.1
16.400 17.800 3 0.3
16.400 17.800 2 0.1
15.000 17.900 4 0.6
16.100 19.600 0 0.3
16.100 19.600 4 0.5
16.100 19.600 1 0.4
15.700 20.600 0 1.2
13.200 20.100 4 0.3
13.200 20.100 3 0.3
13.200 20.100 0 0.6
14.300 15.300 0 0.6
14.000 5.100 4 0.4
14.000 5.100 3 0.4
14.000 5.100 1 0.4
11.400 6.700 3 1.5
11.400 6.700 0 0.4
8.300 5.000 1 1.4
8.300 5.000 3 0.5
7.900 9.800 4 1.3
11.400 12.000 2 0.6
11.200 17.600 3 0.1
11.200 17.600 4 0.1
11.200 17.600 2 0.2
11.200 17.600 0 0.2
10.100 18.700 1 0.2
10.100 18.700 2 0.1
10.100 18.700 3 0.2
10.100 18.700 0 0.1
11.700 20.300 1 0.7
11.700 20.300 0 0.5
10.200 22.100 1 0.9
10.200 22.100 4 0.1
10.200 22.100 0 0.2
9.700 23.800 1 0.4
9.700 23.800 3 0.2
9.700 23.800 0 0.3
9.700 23.800 2 0.4
10.100 26.400 3 0.6
10.100 26.400 0 0.1
10.100 26.400 1 1.1
7.400 24.000 4 0.1
7.400 24.000 2 1.3
7.400 24.000 3 0.5
8.200 19.900 4 0.2
8.200 19.900 0 0.3
8.200 19.900 1 0.6
8.200 19.900 2 0.7
8.700 17.700 2 0.4
8.700 17.700 3 0.1
8.700 17.700 1 0.8
8.900 13.600 0 0.1
8.900 13.600 4 0.6
8.900 13.600 3 0.3
8.900 13.600 2 0.2
5.600 11.100 1 0.1
5.600 11.100 0 0.1
5.600 11.100 4 0.3
5.600 11.100 3 0.2
5.600 11.100 2 0.5
4.900 18.900 4 1.2
7.300 18.800 2 1.2
11.200 14.100
10.0 1 2 
10.0 3 
10.0 4 5 
10.0 6 7 8 9 
5.0 10 
5.0 11 12 13 14 15 
5.0 16 17 18 19 
5.0 20 
10.0 21 22 23 
10.0 24 
10.0 25 26 27 
5.0 28 
10.0 29 30 31 
15.0 32 33 
15.0 34 35 
10.0 36 
5.0 37 
5.0 38 39 40 41 
5.0 42 43 44 45 
10.0 46 47 
10.0 48 49 50 
10.0 51 52 53 54 
15.0 55 56 57 
15.0 58 59 60 
15.0 61 62 63 64 
10.0 65 66 67 
10.0 68 69 70 71 
10.0 72 73 74 75 76 
10.0 77 
10.0 78 
1 
0 1 2 3 4 
1 3 4 
1 
