c 19
v 4
s 4
n 48
tmax 10.6
4.600 7.100
5.700 11.400 0 0.8
4.400 12.300 1 0.3
4.400 12.300 3 0.3
4.400 12.300 2 0.1
2.800 14.300 0 0.6
2.800 14.300 1 0.5
3.200 10.300 1 0.2
3.200 10.300 0 0.1
3.200 10.300 3 0.2
3.200 10.300 2 0.1
3.500 9.800 3 0.1
3.500 9.800 2 0.2
3.500 9.800 1 0.1
3.500 9.800 0 0.1
4.400 8.400 1 0.1
4.400 8.400 3 0.2
7.800 11.000 3 0.7
8.800 9.800 3 0.1
8.800 9.800 0 0.1
8.800 9.800 1 0.5
7.700 8.200 2 0.8
6.300 7.900 1 0.1
6.300 7.900 2 0.1
6.300 7.900 3 0.2
6.300 7.900 0 0.1
5.400 8.200 0 0.3
5.800 6.800 0 0.1
5.800 6.800 1 0.1
5.800 6.800 3 0.1
6.700 5.800 3 0.1
6.700 5.800 1 0.3
6.700 5.800 2 0.3
6.700 5.800 0 0.3
13.800 13.100 1 0.1
13.800 13.100 2 0.7
13.800 13.100 0 0.7
14.100 14.200 0 0.8
14.100 14.200 3 0.1
14.100 14.200 2 0.6
11.200 13.600 2 0.9
11.200 13.600 0 0.2
9.700 16.400 0 0.1
9.700 16.400 1 0.2
9.700 16.400 2 0.8
9.500 18.800 3 1.9
4.700 16.800 0 1.1
5.000 5.600
20.0 1 
20.0 2 3 4 
30.0 5 6 
15.0 7 8 9 10 
15.0 11 12 13 14 
10.0 15 16 
20.0 17 
20.0 18 19 20 
20.0 21 
15.0 22 23 24 25 
10.0 26 
10.0 27 28 29 
25.0 30 31 32 33 
40.0 34 35 36 
40.0 37 38 39 
30.0 40 41 
30.0 42 43 44 
50.0 45 
30.0 46 
1 2 3 
0 1 
0 1 2 3 
0 3 
