c 31
v 4
s 5
n 81
tmax 29.1
19.100 24.300
12.600 24.900 1 0.5
12.600 24.900 3 0.1
12.600 24.900 2 0.1
14.400 28.000 0 0.1
14.400 28.000 3 0.1
14.400 28.000 1 0.5
16.900 28.100 4 0.1
16.900 28.100 0 0.3
16.900 28.100 3 0.4
20.700 28.200 3 0.7
12.500 26.600 0 0.2
12.500 26.600 2 0.2
12.500 26.600 1 0.1
12.500 26.600 3 0.1
12.500 26.600 4 0.1
21.800 27.300 2 0.7
12.500 22.600 4 0.1
12.500 22.600 2 0.2
12.500 22.600 3 0.1
12.500 22.600 1 0.2
12.500 22.600 0 0.1
22.500 17.000 4 0.4
22.500 17.000 3 0.1
22.500 17.000 0 0.4
22.500 17.000 2 0.1
22.500 17.000 1 0.1
19.900 15.000 1 1.2
14.900 15.100 1 0.8
14.900 15.100 0 0.3
11.500 18.600 1 0.7
11.500 18.600 0 0.4
12.400 29.800 0 1.1
17.800 28.100 3 0.5
17.800 28.100 4 0.3
17.800 28.100 1 0.3
9.100 29.800 4 0.2
9.100 29.800 0 1.3
10.000 32.600 2 0.4
10.000 32.600 1 0.7
10.000 32.600 0 0.1
10.000 32.600 3 0.2
13.900 33.100 4 0.2
13.900 33.100 3 0.1
13.900 33.100 1 0.4
13.900 33.100 0 0.4
13.900 33.100 2 0.4
19.950 10.300 1 1.5
15.200 8.000 2 0.3
15.200 8.000 1 0.3
15.200 8.000 4 0.3
15.200 8.000 0 0.5
14.700 31.200 3 2.0
7.400 36.500 0 1.8
21.000 25.500 4 0.7
21.000 25.500 3 1.1
18.000 25.300 2 0.1
18.000 25.300 4 0.1
18.000 25.300 1 0.1
19.500 24.700 3 0.3
21.400 21.800 3 0.0
21.400 21.800 1 0.1
21.400 21.800 4 0.1
21.400 21.800 2 0.1
16.000 21.400 4 0.3
18.650 26.200 1 0.1
18.650 26.200 3 0.1
18.650 26.200 4 0.0
18.650 26.200 2 0.1
17.900 28.900 0 0.2
17.900 28.900 2 0.1
14.300 19.900 3 0.7
17.000 19.000 3 0.1
17.000 19.000 0 0.1
17.000 19.000 2 0.2
17.000 19.000 4 0.1
17.000 19.000 1 0.2
10.800 21.000 3 0.1
10.800 21.000 2 0.6
15.700 23.700 0 0.4
18.200 24.000
20.0 1 2 3 
20.0 4 5 6 
20.0 7 8 9 
20.0 10 
20.0 11 12 13 14 15 
20.0 16 
20.0 17 18 19 20 21 
30.0 22 23 24 25 26 
30.0 27 
30.0 28 29 
30.0 30 31 
30.0 32 
30.0 33 34 35 
40.0 36 37 
40.0 38 39 40 41 
40.0 42 43 44 45 46 
40.0 47 
40.0 48 49 50 51 
50.0 52 
50.0 53 
50.0 54 55 
10.0 56 57 58 
10.0 59 
10.0 60 61 62 63 
10.0 64 
10.0 65 66 67 68 
10.0 69 70 
20.0 71 
20.0 72 73 74 75 76 
20.0 77 78 
10.0 79 
0 1 2 3 4 
1 2 3 
0 1 2 4 
0 1 2 3 4 
