c 31
v 4
s 5
n 96
tmax 27.7
19.100 24.300
12.600 24.900 0 0.7
14.400 28.000 3 0.3
14.400 28.000 0 0.1
14.400 28.000 4 0.1
14.400 28.000 1 0.2
16.900 28.100 0 0.1
16.900 28.100 2 0.6
20.700 28.200 0 0.2
20.700 28.200 4 0.1
20.700 28.200 2 0.2
20.700 28.200 1 0.2
12.500 26.600 2 0.1
12.500 26.600 3 0.2
12.500 26.600 1 0.4
21.800 27.300 1 0.2
21.800 27.300 4 0.2
21.800 27.300 2 0.1
21.800 27.300 3 0.2
12.500 22.600 4 0.1
12.500 22.600 2 0.3
12.500 22.600 3 0.3
22.500 17.000 3 0.4
22.500 17.000 4 0.4
22.500 17.000 2 0.3
19.900 15.000 0 0.3
19.900 15.000 1 0.5
19.900 15.000 3 0.1
19.900 15.000 4 0.2
14.900 15.100 2 0.4
14.900 15.100 3 0.1
14.900 15.100 0 0.4
14.900 15.100 1 0.2
11.500 18.600 4 0.2
11.500 18.600 1 0.7
11.500 18.600 2 0.3
12.400 29.800 3 1.1
17.800 28.100 3 0.3
17.800 28.100 4 0.2
17.800 28.100 1 0.3
17.800 28.100 0 0.2
17.800 28.100 2 0.1
9.100 29.800 0 1.5
10.000 32.600 4 0.3
10.000 32.600 0 0.2
10.000 32.600 2 0.1
10.000 32.600 1 0.3
10.000 32.600 3 0.5
13.900 33.100 3 0.1
13.900 33.100 0 0.4
13.900 33.100 2 0.4
13.900 33.100 4 0.5
13.900 33.100 1 0.1
19.950 10.300 4 1.5
15.200 8.000 1 0.1
15.200 8.000 3 0.2
15.200 8.000 2 0.3
15.200 8.000 0 0.2
15.200 8.000 4 0.7
14.700 31.200 4 0.1
14.700 31.200 3 0.5
14.700 31.200 1 0.1
14.700 31.200 0 1.2
7.400 36.500 2 0.2
7.400 36.500 3 0.2
7.400 36.500 1 1.5
21.000 25.500 1 0.1
21.000 25.500 2 0.4
21.000 25.500 4 0.6
21.000 25.500 0 0.3
21.000 25.500 3 0.4
18.000 25.300 0 0.3
19.500 24.700 4 0.1
19.500 24.700 2 0.0
19.500 24.700 3 0.1
19.500 24.700 0 0.1
21.400 21.800 2 0.3
16.000 21.400 2 0.3
18.650 26.200 2 0.1
18.650 26.200 0 0.0
18.650 26.200 3 0.1
18.650 26.200 1 0.1
17.900 28.900 4 0.3
14.300 19.900 4 0.3
14.300 19.900 0 0.1
14.300 19.900 1 0.3
17.000 19.000 2 0.1
17.000 19.000 0 0.4
17.000 19.000 1 0.1
17.000 19.000 3 0.1
17.000 19.000 4 0.1
10.800 21.000 3 0.8
15.700 23.700 1 0.1
15.700 23.700 4 0.2
15.700 23.700 2 0.1
18.200 24.000
20.0 1 
20.0 2 3 4 5 
20.0 6 7 
20.0 8 9 10 11 
20.0 12 13 14 
20.0 15 16 17 18 
20.0 19 20 21 
30.0 22 23 24 
30.0 25 26 27 28 
30.0 29 30 31 32 
30.0 33 34 35 
30.0 36 
30.0 37 38 39 40 41 
40.0 42 
40.0 43 44 45 46 47 
40.0 48 49 50 51 52 
40.0 53 
40.0 54 55 56 57 58 
50.0 59 60 61 62 
50.0 63 64 65 
50.0 66 67 68 69 70 
10.0 71 
10.0 72 73 74 75 
10.0 76 
10.0 77 
10.0 78 79 80 81 
10.0 82 
20.0 83 84 85 
20.0 86 87 88 89 90 
20.0 91 
10.0 92 93 94 
0 2 3 
0 1 3 
2 
0 1 4 
