c 98
v 2
s 4
n 249
tmax 126.6
18.190 6.320
15.520 28.030 2 0.1
15.520 28.030 1 0.1
15.520 28.030 3 0.2
9.000 28.010 3 0.3
16.930 2.090 1 1.5
8.640 19.850 3 0.1
18.430 29.930 0 0.7
18.430 29.930 3 0.7
3.940 10.770 2 0.0
3.940 10.770 1 0.1
14.780 7.610 3 0.4
14.780 7.610 0 0.4
14.780 7.610 1 0.3
14.780 7.610 2 0.5
2.410 25.060 1 0.7
2.410 25.060 0 0.4
2.410 25.060 2 0.3
2.410 25.060 3 0.1
18.410 11.880 1 0.7
18.410 11.880 0 0.3
14.910 17.240 0 0.7
14.910 17.240 1 0.6
7.140 0.480 2 0.2
7.140 0.480 3 0.1
13.440 24.760 2 0.1
13.440 24.760 3 0.3
13.440 24.760 1 0.2
13.440 24.760 0 0.5
17.540 29.430 2 0.8
17.540 29.430 0 0.3
17.540 29.430 3 0.3
17.540 29.430 1 0.3
16.710 9.500 0 0.9
16.710 9.500 3 0.2
16.710 9.500 1 0.1
16.710 9.500 2 0.5
12.380 26.660 1 0.0
12.380 26.660 0 0.0
25.690 6.340 2 0.1
25.690 6.340 0 0.1
25.690 6.340 1 0.2
11.620 24.000 0 0.1
11.620 24.000 1 1.6
10.240 3.020 1 0.6
10.240 3.020 2 0.2
10.240 3.020 0 0.2
10.240 3.020 3 0.5
3.540 26.160 1 0.3
3.540 26.160 3 0.2
3.540 26.160 0 0.4
3.540 26.160 2 0.2
17.860 19.360 1 0.8
3.770 7.840 1 0.0
3.770 7.840 2 0.0
3.770 7.840 0 0.0
3.770 7.840 3 0.0
14.200 19.640 1 0.3
14.200 19.640 3 0.3
14.200 19.640 2 0.2
15.880 5.540 1 0.6
15.880 5.540 0 0.2
15.880 5.540 2 0.5
1.320 19.320 2 0.5
1.320 19.320 1 0.9
1.320 19.320 0 0.1
20.500 25.330 3 0.2
20.500 25.330 1 0.2
20.500 25.330 0 0.6
16.760 19.840 3 0.2
16.760 19.840 0 0.1
16.760 19.840 1 0.1
16.760 19.840 2 0.1
27.500 17.660 1 0.5
27.500 17.660 2 1.0
27.500 17.660 0 0.1
19.410 20.670 0 1.0
20.490 14.030 1 0.4
20.490 14.030 3 0.2
20.490 14.030 2 0.4
20.490 14.030 0 0.6
20.900 7.670 1 0.1
20.900 7.670 3 0.2
20.900 7.670 2 0.1
20.900 7.670 0 0.1
2.750 25.400 2 0.1
2.750 25.400 1 0.0
2.750 25.400 0 0.1
2.750 25.400 3 0.1
16.100 19.740 3 0.0
16.100 19.740 0 0.0
16.100 19.740 2 0.0
16.100 19.740 1 0.1
0.430 1.120 0 0.1
0.430 1.120 2 0.1
0.430 1.120 1 0.1
0.430 1.120 3 0.2
13.570 9.410 1 0.1
13.570 9.410 0 0.6
0.300 9.160 1 0.2
0.300 9.160 2 0.2
0.450 23.350 2 0.2
0.450 23.350 0 0.1
0.450 23.350 3 0.2
0.450 23.350 1 0.1
22.690 23.130 0 0.4
22.690 23.130 2 0.4
19.120 20.200 1 0.3
19.120 20.200 2 0.3
19.120 20.200 3 0.2
7.000 21.440 3 0.1
7.000 21.440 2 0.1
7.000 21.440 0 0.1
7.000 21.440 1 0.2
28.880 0.860 0 1.5
19.600 2.110 2 0.5
19.600 2.110 3 0.4
22.780 15.420 3 0.7
22.780 15.420 1 0.5
22.780 15.420 2 0.5
13.510 8.050 0 0.0
13.510 8.050 1 0.0
13.510 8.050 2 0.0
13.510 8.050 3 0.0
0.510 11.060 0 0.3
4.310 23.120 1 0.4
4.310 23.120 0 0.4
4.310 23.120 3 0.2
4.310 23.120 2 0.2
19.680 25.620 2 0.1
19.680 25.620 3 0.1
19.680 25.620 1 0.1
16.320 3.730 1 0.1
16.320 3.730 0 0.0
7.140 25.900 1 0.1
7.140 25.900 3 0.7
1.040 13.470 0 0.1
1.040 13.470 2 0.3
17.460 2.560 1 1.8
23.490 17.750 0 0.1
23.490 17.750 1 0.1
23.490 17.750 2 0.0
23.490 17.750 3 0.1
11.960 15.150 3 0.6
11.960 15.150 1 0.2
11.960 15.150 2 0.3
22.850 14.850 1 0.0
22.850 14.850 2 0.1
28.470 6.080 0 0.4
28.470 6.080 1 1.0
6.520 19.420 2 1.1
26.850 25.820 1 0.1
26.850 25.820 0 0.1
26.850 25.820 3 0.1
21.480 10.300 0 1.3
29.080 2.620 0 0.3
29.080 2.620 1 0.1
29.080 2.620 2 0.8
22.540 18.260 3 0.8
4.460 7.850 1 0.2
4.460 7.850 3 0.1
4.460 7.850 0 0.1
21.610 23.160 0 0.1
21.610 23.160 3 0.1
6.820 21.100 1 0.3
6.820 21.100 0 0.5
6.480 2.460 3 0.2
6.480 2.460 2 1.3
6.480 2.460 1 0.1
26.700 3.440 3 0.7
26.700 3.440 0 0.3
26.700 3.440 2 0.7
26.700 3.440 1 0.1
7.030 28.120 2 0.0
20.300 3.860 1 0.0
20.300 3.860 0 0.0
20.300 3.860 2 0.1
17.020 12.330 3 1.0
0.200 24.800 3 0.1
13.970 18.490 2 0.1
13.970 18.490 0 0.1
13.970 18.490 3 0.0
1.880 3.330 3 0.5
1.880 3.330 2 0.3
14.250 23.830 0 0.0
14.250 23.830 1 0.0
14.250 23.830 3 0.0
14.250 23.830 2 0.0
27.220 11.980 0 0.3
27.220 11.980 2 0.2
27.220 11.980 1 0.3
27.220 11.980 3 0.2
22.050 7.740 1 0.2
22.050 7.740 3 0.4
3.080 21.030 0 0.8
12.660 26.020 1 0.1
3.690 14.330 1 0.3
3.690 14.330 2 0.1
3.690 14.330 3 0.8
3.690 14.330 0 0.1
26.930 13.060 1 0.1
26.930 13.060 3 0.4
26.930 13.060 0 1.0
1.570 19.840 2 0.2
1.570 19.840 0 0.5
1.570 19.840 3 0.5
19.010 14.360 0 0.3
19.010 14.360 2 0.5
14.240 18.800 1 1.2
20.490 13.590 0 0.5
3.300 17.860 3 0.0
3.300 17.860 0 0.0
3.300 17.860 1 0.0
28.720 20.920 0 1.8
7.490 6.590 3 0.5
7.490 6.590 0 0.5
7.490 6.590 1 0.5
12.190 16.110 3 0.0
12.190 16.110 0 0.0
17.520 0.970 0 0.1
17.520 0.970 1 0.5
10.350 6.180 2 0.4
10.350 6.180 0 0.3
13.610 21.120 3 0.3
13.610 21.120 0 0.3
13.610 21.120 1 0.4
0.260 14.370 0 0.2
0.260 14.370 1 0.4
0.260 14.370 2 0.2
12.580 26.640 1 1.1
21.570 24.070 2 0.1
21.570 24.070 3 0.0
14.500 0.300 0 1.4
25.600 22.910 0 0.0
25.600 22.910 1 0.0
25.600 22.910 3 0.1
10.920 4.130 0 0.1
10.920 4.130 2 0.1
10.920 4.130 1 0.3
26.650 20.040 1 0.5
26.650 20.040 3 0.7
26.650 20.040 2 0.4
26.650 20.040 0 0.3
18.630 4.300 0 1.5
7.290 16.280 2 0.3
7.290 16.280 3 0.2
7.290 16.280 1 0.2
4.340 9.510 1 0.3
2.380 18.260
7.0 1 2 3 
5.0 4 
24.0 5 
3.0 6 
23.0 7 8 
3.0 9 10 
26.0 11 12 13 14 
24.0 15 16 17 18 
16.0 19 20 
21.0 21 22 
6.0 23 24 
17.0 25 26 27 28 
27.0 29 30 31 32 
27.0 33 34 35 36 
1.0 37 38 
6.0 39 40 41 
27.0 42 43 
23.0 44 45 46 47 
18.0 48 49 50 51 
13.0 52 
1.0 53 54 55 56 
13.0 57 58 59 
21.0 60 61 62 
23.0 63 64 65 
16.0 66 67 68 
8.0 69 70 71 72 
24.0 73 74 75 
15.0 76 
24.0 77 78 79 80 
8.0 81 82 83 84 
5.0 85 86 87 88 
3.0 89 90 91 92 
9.0 93 94 95 96 
11.0 97 98 
7.0 99 100 
10.0 101 102 103 104 
13.0 105 106 
13.0 107 108 109 
8.0 110 111 112 113 
24.0 114 
14.0 115 116 
27.0 117 118 119 
1.0 120 121 122 123 
5.0 124 
20.0 125 126 127 128 
5.0 129 130 131 
3.0 132 133 
13.0 134 135 
6.0 136 137 
28.0 138 
5.0 139 140 141 142 
17.0 143 144 145 
2.0 146 147 
23.0 148 149 
17.0 150 
6.0 151 152 153 
21.0 154 
18.0 155 156 157 
14.0 158 
7.0 159 160 161 
4.0 162 163 
13.0 164 165 
25.0 166 167 168 
27.0 169 170 171 172 
1.0 173 
2.0 174 175 176 
17.0 177 
3.0 178 
4.0 179 180 181 
13.0 182 183 
1.0 184 185 186 187 
16.0 188 189 190 191 
10.0 192 193 
13.0 194 
3.0 195 
21.0 196 197 198 199 
24.0 200 201 202 
19.0 203 204 205 
13.0 206 207 
19.0 208 
8.0 209 
1.0 210 211 212 
29.0 213 
24.0 214 215 216 
1.0 217 218 
10.0 219 220 
11.0 221 222 
17.0 223 224 225 
13.0 226 227 228 
16.0 229 
2.0 230 231 
22.0 232 
2.0 233 234 235 
8.0 236 237 238 
28.0 239 240 241 242 
24.0 243 
12.0 244 245 246 
5.0 247 
1 3 
0 1 2 3 
