c 64
v 2
s 4
n 171
tmax 73.6
-0.500 0.000
-7.000 -7.000 0 0.9
-7.000 -7.000 1 0.1
-7.000 -7.000 3 0.9
-7.000 -5.000 2 1.0
-7.000 -5.000 0 0.8
-7.000 -3.000 3 0.2
-7.000 -3.000 2 0.7
-7.000 -3.000 0 0.3
-7.000 -3.000 1 0.7
-7.000 -1.000 2 0.1
-7.000 -1.000 0 1.1
-7.000 -1.000 1 0.4
-7.000 -1.000 3 0.3
-7.000 1.000 2 1.3
-7.000 1.000 0 0.5
-7.000 3.000 0 1.5
-7.000 3.000 3 0.4
-7.000 5.000 0 0.8
-7.000 5.000 2 0.8
-7.000 5.000 1 0.2
-7.000 5.000 3 0.1
-7.000 7.000 0 1.4
-7.000 7.000 3 0.5
-5.000 -7.000 3 0.8
-5.000 -7.000 1 0.2
-5.000 -7.000 2 0.7
-5.000 -7.000 0 0.2
-5.000 -5.000 2 0.8
-5.000 -5.000 1 0.6
-5.000 -3.000 2 1.3
-5.000 -1.000 0 1.3
-5.000 1.000 1 0.2
-5.000 1.000 2 0.1
-5.000 1.000 3 0.5
-5.000 1.000 0 0.5
-5.000 3.000 1 0.4
-5.000 3.000 2 0.2
-5.000 3.000 0 0.7
-5.000 5.000 1 1.3
-5.000 7.000 0 1.4
-5.000 7.000 1 0.4
-3.000 -7.000 3 0.1
-3.000 -7.000 1 0.3
-3.000 -7.000 2 0.6
-3.000 -7.000 0 0.8
-3.000 -5.000 2 0.1
-3.000 -5.000 3 1.2
-3.000 -3.000 0 0.4
-3.000 -3.000 3 0.4
-3.000 -1.000 0 0.2
-3.000 -1.000 2 0.2
-3.000 -1.000 1 0.2
-3.000 -1.000 3 0.2
-3.000 1.000 2 0.6
-3.000 1.000 1 0.2
-3.000 3.000 1 0.3
-3.000 3.000 2 0.1
-3.000 3.000 0 0.3
-3.000 5.000 3 0.1
-3.000 5.000 2 0.4
-3.000 5.000 1 0.5
-3.000 5.000 0 0.3
-3.000 7.000 0 1.8
-1.000 -7.000 2 0.3
-1.000 -7.000 0 0.5
-1.000 -7.000 3 0.8
-1.000 -7.000 1 0.3
-1.000 -5.000 2 0.1
-1.000 -5.000 3 0.4
-1.000 -5.000 0 0.5
-1.000 -5.000 1 0.3
-1.000 -3.000 0 0.2
-1.000 -3.000 1 0.2
-1.000 -3.000 3 0.3
-1.000 -3.000 2 0.1
-1.000 -1.000 0 0.2
-1.000 1.000 3 0.2
-1.000 3.000 1 0.1
-1.000 3.000 2 0.4
-1.000 3.000 3 0.3
-1.000 5.000 1 0.1
-1.000 5.000 0 0.6
-1.000 5.000 2 0.6
-1.000 7.000 1 1.8
-1.000 7.000 3 0.1
1.000 -7.000 1 1.8
1.000 -5.000 1 0.5
1.000 -5.000 3 0.8
1.000 -3.000 3 0.1
1.000 -3.000 2 0.6
1.000 -3.000 1 0.1
1.000 -1.000 2 0.2
1.000 1.000 3 0.1
1.000 1.000 2 0.1
1.000 1.000 1 0.0
1.000 3.000 0 0.2
1.000 3.000 3 0.2
1.000 3.000 2 0.3
1.000 5.000 0 0.3
1.000 5.000 1 0.2
1.000 5.000 2 0.2
1.000 5.000 3 0.7
1.000 7.000 0 0.1
1.000 7.000 2 0.6
1.000 7.000 1 0.8
1.000 7.000 3 0.3
3.000 -7.000 3 0.2
3.000 -7.000 2 1.5
3.000 -7.000 1 0.1
3.000 -7.000 0 0.1
3.000 -5.000 1 1.3
3.000 -3.000 2 0.8
3.000 -1.000 2 0.8
3.000 1.000 3 0.1
3.000 1.000 1 0.2
3.000 1.000 2 0.1
3.000 1.000 0 0.3
3.000 3.000 2 0.7
3.000 3.000 3 0.1
3.000 5.000 2 0.5
3.000 5.000 0 0.4
3.000 5.000 3 0.4
3.000 7.000 0 1.0
3.000 7.000 2 0.8
5.000 -7.000 3 0.2
5.000 -7.000 0 1.0
5.000 -7.000 1 0.7
5.000 -5.000 3 0.3
5.000 -5.000 0 0.4
5.000 -5.000 2 0.6
5.000 -3.000 1 0.4
5.000 -3.000 0 0.1
5.000 -3.000 2 0.4
5.000 -3.000 3 0.5
5.000 -1.000 1 0.2
5.000 -1.000 2 0.6
5.000 -1.000 0 0.1
5.000 -1.000 3 0.4
5.000 1.000 3 0.6
5.000 1.000 0 0.1
5.000 1.000 1 0.4
5.000 1.000 2 0.2
5.000 3.000 3 1.3
5.000 5.000 0 0.4
5.000 5.000 3 0.8
5.000 5.000 1 0.2
5.000 7.000 0 0.1
5.000 7.000 3 0.5
5.000 7.000 2 1.3
7.000 -7.000 2 1.9
7.000 -5.000 3 0.5
7.000 -5.000 2 0.2
7.000 -5.000 0 0.9
7.000 -5.000 1 0.3
7.000 -3.000 2 0.4
7.000 -3.000 3 1.0
7.000 -3.000 1 0.1
7.000 -3.000 0 0.4
7.000 -1.000 2 1.9
7.000 1.000 3 1.8
7.000 1.000 1 0.1
7.000 3.000 3 0.2
7.000 3.000 0 0.8
7.000 3.000 2 0.9
7.000 5.000 3 0.2
7.000 5.000 2 0.7
7.000 5.000 1 0.7
7.000 5.000 0 0.2
7.000 7.000 3 1.9
0.500 0.000
35.0 1 2 3 
35.0 4 5 
35.0 6 7 8 9 
35.0 10 11 12 13 
35.0 14 15 
35.0 16 17 
35.0 18 19 20 21 
35.0 22 23 
35.0 24 25 26 27 
25.0 28 29 
25.0 30 
25.0 31 
25.0 32 33 34 35 
25.0 36 37 38 
25.0 39 
35.0 40 41 
35.0 42 43 44 45 
25.0 46 47 
15.0 48 49 
15.0 50 51 52 53 
15.0 54 55 
15.0 56 57 58 
25.0 59 60 61 62 
35.0 63 
35.0 64 65 66 67 
25.0 68 69 70 71 
15.0 72 73 74 75 
5.0 76 
5.0 77 
15.0 78 79 80 
25.0 81 82 83 
35.0 84 85 
35.0 86 
25.0 87 88 
15.0 89 90 91 
5.0 92 
5.0 93 94 95 
15.0 96 97 98 
25.0 99 100 101 102 
35.0 103 104 105 106 
35.0 107 108 109 110 
25.0 111 
15.0 112 
15.0 113 
15.0 114 115 116 117 
15.0 118 119 
25.0 120 121 122 
35.0 123 124 
35.0 125 126 127 
25.0 128 129 130 
25.0 131 132 133 134 
25.0 135 136 137 138 
25.0 139 140 141 142 
25.0 143 
25.0 144 145 146 
35.0 147 148 149 
35.0 150 
35.0 151 152 153 154 
35.0 155 156 157 158 
35.0 159 
35.0 160 161 
35.0 162 163 164 
35.0 165 166 167 168 
35.0 169 
0 1 2 
1 3 
