c 64
v 3
s 3
n 137
tmax 42.4
-0.500 0.000
-7.000 -7.000 0 0.4
-7.000 -7.000 1 0.2
-7.000 -7.000 2 1.3
-7.000 -5.000 2 0.3
-7.000 -5.000 1 1.5
-7.000 -5.000 0 0.1
-7.000 -3.000 1 1.3
-7.000 -3.000 2 0.1
-7.000 -3.000 0 0.4
-7.000 -1.000 0 1.0
-7.000 -1.000 1 0.1
-7.000 -1.000 2 0.7
-7.000 1.000 2 1.9
-7.000 3.000 1 0.6
-7.000 3.000 0 1.2
-7.000 5.000 0 0.5
-7.000 5.000 2 1.4
-7.000 7.000 2 1.3
-7.000 7.000 0 0.5
-5.000 -7.000 0 1.0
-5.000 -7.000 1 0.8
-5.000 -5.000 0 1.3
-5.000 -3.000 1 0.6
-5.000 -3.000 2 0.7
-5.000 -1.000 2 1.3
-5.000 1.000 2 0.8
-5.000 1.000 0 0.3
-5.000 1.000 1 0.3
-5.000 3.000 1 0.1
-5.000 3.000 2 0.7
-5.000 3.000 0 0.5
-5.000 5.000 1 0.6
-5.000 5.000 2 0.1
-5.000 5.000 0 0.7
-5.000 7.000 0 0.8
-5.000 7.000 2 0.5
-5.000 7.000 1 0.6
-3.000 -7.000 0 0.6
-3.000 -7.000 2 0.9
-3.000 -7.000 1 0.4
-3.000 -5.000 2 0.2
-3.000 -5.000 0 0.4
-3.000 -5.000 1 0.7
-3.000 -3.000 2 0.5
-3.000 -3.000 0 0.3
-3.000 -1.000 1 0.1
-3.000 -1.000 2 0.1
-3.000 -1.000 0 0.5
-3.000 1.000 0 0.2
-3.000 1.000 2 0.4
-3.000 1.000 1 0.2
-3.000 3.000 1 0.3
-3.000 3.000 2 0.1
-3.000 3.000 0 0.3
-3.000 5.000 0 0.7
-3.000 5.000 1 0.3
-3.000 5.000 2 0.3
-3.000 7.000 2 0.9
-3.000 7.000 1 0.9
-1.000 -7.000 0 1.9
-1.000 -5.000 0 1.4
-1.000 -3.000 1 0.1
-1.000 -3.000 2 0.1
-1.000 -3.000 0 0.6
-1.000 -1.000 1 0.1
-1.000 -1.000 0 0.1
-1.000 1.000 2 0.2
-1.000 3.000 1 0.7
-1.000 5.000 2 1.4
-1.000 7.000 0 1.5
-1.000 7.000 1 0.4
1.000 -7.000 2 1.8
1.000 -5.000 2 0.3
1.000 -5.000 0 0.7
1.000 -5.000 1 0.3
1.000 -3.000 1 0.3
1.000 -3.000 0 0.4
1.000 -3.000 2 0.1
1.000 -1.000 2 0.2
1.000 1.000 0 0.1
1.000 1.000 2 0.1
1.000 3.000 2 0.4
1.000 3.000 0 0.2
1.000 3.000 1 0.1
1.000 5.000 1 0.1
1.000 5.000 2 1.1
1.000 5.000 0 0.1
1.000 7.000 2 1.8
3.000 -7.000 0 0.8
3.000 -7.000 2 1.1
3.000 -5.000 0 1.3
3.000 -3.000 2 0.1
3.000 -3.000 0 0.2
3.000 -3.000 1 0.4
3.000 -1.000 0 0.2
3.000 -1.000 1 0.3
3.000 -1.000 2 0.2
3.000 1.000 2 0.5
3.000 1.000 0 0.2
3.000 3.000 2 0.7
3.000 5.000 0 0.8
3.000 5.000 2 0.5
3.000 7.000 1 1.8
5.000 -7.000 1 1.8
5.000 -5.000 0 0.3
5.000 -5.000 1 0.7
5.000 -5.000 2 0.4
5.000 -3.000 2 0.3
5.000 -3.000 0 0.6
5.000 -3.000 1 0.4
5.000 -1.000 1 0.4
5.000 -1.000 0 0.7
5.000 -1.000 2 0.2
5.000 1.000 2 0.8
5.000 1.000 0 0.4
5.000 1.000 1 0.1
5.000 3.000 2 0.1
5.000 3.000 1 0.4
5.000 3.000 0 0.9
5.000 5.000 2 1.4
5.000 7.000 0 1.8
7.000 -7.000 0 0.6
7.000 -7.000 1 0.8
7.000 -7.000 2 0.5
7.000 -5.000 1 1.9
7.000 -3.000 1 0.4
7.000 -3.000 0 1.5
7.000 -1.000 0 1.9
7.000 1.000 1 1.8
7.000 3.000 0 0.2
7.000 3.000 1 0.7
7.000 3.000 2 1.0
7.000 5.000 2 1.9
7.000 7.000 2 0.2
7.000 7.000 1 1.7
0.500 0.000
35.0 1 2 3 
35.0 4 5 6 
35.0 7 8 9 
35.0 10 11 12 
35.0 13 
35.0 14 15 
35.0 16 17 
35.0 18 19 
35.0 20 21 
25.0 22 
25.0 23 24 
25.0 25 
25.0 26 27 28 
25.0 29 30 31 
25.0 32 33 34 
35.0 35 36 37 
35.0 38 39 40 
25.0 41 42 43 
15.0 44 45 
15.0 46 47 48 
15.0 49 50 51 
15.0 52 53 54 
25.0 55 56 57 
35.0 58 59 
35.0 60 
25.0 61 
15.0 62 63 64 
5.0 65 66 
5.0 67 
15.0 68 
25.0 69 
35.0 70 71 
35.0 72 
25.0 73 74 75 
15.0 76 77 78 
5.0 79 
5.0 80 81 
15.0 82 83 84 
25.0 85 86 87 
35.0 88 
35.0 89 90 
25.0 91 
15.0 92 93 94 
15.0 95 96 97 
15.0 98 99 
15.0 100 
25.0 101 102 
35.0 103 
35.0 104 
25.0 105 106 107 
25.0 108 109 110 
25.0 111 112 113 
25.0 114 115 116 
25.0 117 118 119 
25.0 120 
35.0 121 
35.0 122 123 124 
35.0 125 
35.0 126 127 
35.0 128 
35.0 129 
35.0 130 131 132 
35.0 133 
35.0 134 135 
1 2 
0 2 
0 2 
