c 62
v 2
s 3
n 126
tmax 45.3
0.000 -7.000
-1.000 -6.000 1 0.1
-1.000 -6.000 0 0.1
1.000 -6.000 1 0.1
1.000 -6.000 0 0.1
-2.000 -5.000 0 0.3
-2.000 -5.000 2 0.2
0.000 -5.000 0 0.1
0.000 -5.000 1 0.1
2.000 -5.000 1 0.4
2.000 -5.000 0 0.1
-3.000 -4.000 0 0.6
-3.000 -4.000 1 0.2
-1.000 -4.000 0 0.5
1.000 -4.000 1 0.2
1.000 -4.000 2 0.3
3.000 -4.000 0 0.4
3.000 -4.000 1 0.1
3.000 -4.000 2 0.3
-4.000 -3.000 1 1.0
-2.000 -3.000 1 0.8
0.000 -3.000 0 0.5
2.000 -3.000 1 0.5
2.000 -3.000 2 0.1
2.000 -3.000 0 0.2
4.000 -3.000 2 0.1
4.000 -3.000 1 0.5
4.000 -3.000 0 0.5
-5.000 -2.000 2 0.3
-5.000 -2.000 0 0.6
-5.000 -2.000 1 0.4
-3.000 -2.000 1 0.3
-3.000 -2.000 2 0.2
-3.000 -2.000 0 0.5
-1.000 -2.000 1 0.4
-1.000 -2.000 0 0.4
1.000 -2.000 2 0.8
3.000 -2.000 1 0.3
3.000 -2.000 2 0.6
3.000 -2.000 0 0.1
5.000 -2.000 2 1.3
-6.000 -1.000 1 1.6
-4.000 -1.000 0 0.4
-4.000 -1.000 2 0.9
-2.000 -1.000 0 1.0
0.000 -1.000 0 0.4
0.000 -1.000 1 0.3
2.000 -1.000 0 0.5
2.000 -1.000 1 0.2
2.000 -1.000 2 0.4
4.000 -1.000 1 1.4
6.000 -1.000 0 0.1
6.000 -1.000 2 1.1
6.000 -1.000 1 0.3
-7.000 0.000 0 0.7
-7.000 0.000 2 1.1
-5.000 0.000 2 1.0
-5.000 0.000 0 0.5
-5.000 0.000 1 0.1
-3.000 0.000 2 0.1
-3.000 0.000 1 0.9
-3.000 0.000 0 0.3
-1.000 0.000 1 0.8
-1.000 0.000 0 0.3
1.000 0.000 0 0.8
1.000 0.000 1 0.3
3.000 0.000 1 0.2
3.000 0.000 2 0.5
3.000 0.000 0 0.7
5.000 0.000 1 1.6
7.000 0.000 1 1.8
-6.000 1.000 2 0.1
-6.000 1.000 0 0.8
-6.000 1.000 1 0.8
-4.000 1.000 2 0.4
-4.000 1.000 0 0.9
-2.000 1.000 1 0.6
-2.000 1.000 2 0.3
-2.000 1.000 0 0.2
0.000 1.000 0 0.3
0.000 1.000 1 0.5
2.000 1.000 2 0.3
2.000 1.000 1 0.2
2.000 1.000 0 0.5
4.000 1.000 2 1.3
6.000 1.000 0 1.7
-5.000 2.000 0 0.6
-5.000 2.000 1 0.7
-3.000 2.000 0 0.2
-3.000 2.000 2 0.8
-1.000 2.000 0 0.4
-1.000 2.000 1 0.4
1.000 2.000 1 0.1
1.000 2.000 0 0.3
1.000 2.000 2 0.3
3.000 2.000 2 1.0
5.000 2.000 1 0.8
5.000 2.000 0 0.5
-4.000 3.000 0 1.0
-2.000 3.000 1 0.3
-2.000 3.000 0 0.3
-2.000 3.000 2 0.1
0.000 3.000 0 0.5
2.000 3.000 1 0.7
4.000 3.000 2 0.3
4.000 3.000 1 0.2
4.000 3.000 0 0.5
-3.000 4.000 1 0.3
-3.000 4.000 2 0.4
-3.000 4.000 0 0.1
-1.000 4.000 1 0.3
-1.000 4.000 0 0.2
1.000 4.000 1 0.5
3.000 4.000 1 0.3
3.000 4.000 2 0.4
-2.000 5.000 1 0.2
-2.000 5.000 0 0.1
-2.000 5.000 2 0.2
0.000 5.000 2 0.1
0.000 5.000 0 0.1
2.000 5.000 1 0.5
-1.000 6.000 1 0.2
1.000 6.000 2 0.1
1.000 6.000 0 0.0
1.000 6.000 1 0.1
0.000 7.000
6.0 1 2 
6.0 3 4 
12.0 5 6 
6.0 7 8 
12.0 9 10 
18.0 11 12 
12.0 13 
12.0 14 15 
18.0 16 17 18 
24.0 19 
18.0 20 
12.0 21 
18.0 22 23 24 
24.0 25 26 27 
30.0 28 29 30 
24.0 31 32 33 
18.0 34 35 
18.0 36 
24.0 37 38 39 
30.0 40 
36.0 41 
30.0 42 43 
24.0 44 
18.0 45 46 
24.0 47 48 49 
30.0 50 
36.0 51 52 53 
42.0 54 55 
36.0 56 57 58 
30.0 59 60 61 
24.0 62 63 
24.0 64 65 
30.0 66 67 68 
36.0 69 
42.0 70 
36.0 71 72 73 
30.0 74 75 
24.0 76 77 78 
18.0 79 80 
24.0 81 82 83 
30.0 84 
36.0 85 
30.0 86 87 
24.0 88 89 
18.0 90 91 
18.0 92 93 94 
24.0 95 
30.0 96 97 
24.0 98 
18.0 99 100 101 
12.0 102 
18.0 103 
24.0 104 105 106 
18.0 107 108 109 
12.0 110 111 
12.0 112 
18.0 113 114 
12.0 115 116 117 
6.0 118 119 
12.0 120 
6.0 121 
6.0 122 123 124 
0 1 
0 1 2 
