c 62
v 3
s 4
n 157
tmax 30.6
0.000 -7.000
-1.000 -6.000 2 0.1
-1.000 -6.000 0 0.1
-1.000 -6.000 1 0.0
1.000 -6.000 3 0.2
-2.000 -5.000 3 0.3
-2.000 -5.000 2 0.1
-2.000 -5.000 1 0.1
0.000 -5.000 2 0.1
0.000 -5.000 3 0.1
0.000 -5.000 1 0.0
2.000 -5.000 0 0.1
2.000 -5.000 3 0.1
2.000 -5.000 2 0.1
2.000 -5.000 1 0.2
-3.000 -4.000 3 0.7
-1.000 -4.000 2 0.2
-1.000 -4.000 0 0.2
-1.000 -4.000 3 0.1
1.000 -4.000 2 0.3
1.000 -4.000 1 0.1
1.000 -4.000 0 0.1
3.000 -4.000 1 0.7
-4.000 -3.000 1 0.5
-4.000 -3.000 3 0.5
-2.000 -3.000 1 0.1
-2.000 -3.000 3 0.2
-2.000 -3.000 0 0.3
-2.000 -3.000 2 0.2
0.000 -3.000 1 0.2
0.000 -3.000 2 0.3
2.000 -3.000 1 0.1
2.000 -3.000 3 0.1
2.000 -3.000 2 0.3
2.000 -3.000 0 0.2
4.000 -3.000 2 0.7
4.000 -3.000 3 0.1
4.000 -3.000 0 0.2
-5.000 -2.000 2 0.7
-5.000 -2.000 3 0.6
-3.000 -2.000 2 0.3
-3.000 -2.000 3 0.1
-3.000 -2.000 0 0.1
-3.000 -2.000 1 0.5
-1.000 -2.000 0 0.7
1.000 -2.000 3 0.1
1.000 -2.000 1 0.3
1.000 -2.000 2 0.4
3.000 -2.000 0 0.4
3.000 -2.000 3 0.2
3.000 -2.000 1 0.2
3.000 -2.000 2 0.2
5.000 -2.000 3 0.9
5.000 -2.000 1 0.5
-6.000 -1.000 3 0.7
-6.000 -1.000 1 0.3
-6.000 -1.000 2 0.6
-4.000 -1.000 1 0.4
-4.000 -1.000 3 0.6
-4.000 -1.000 2 0.4
-2.000 -1.000 2 0.2
-2.000 -1.000 3 0.8
0.000 -1.000 2 0.1
0.000 -1.000 3 0.2
0.000 -1.000 1 0.4
0.000 -1.000 0 0.1
2.000 -1.000 0 0.3
2.000 -1.000 3 0.7
4.000 -1.000 3 0.6
4.000 -1.000 1 0.2
4.000 -1.000 0 0.2
4.000 -1.000 2 0.3
6.000 -1.000 2 1.3
6.000 -1.000 3 0.2
-7.000 0.000 1 1.8
-5.000 0.000 0 0.4
-5.000 0.000 2 1.1
-3.000 0.000 2 0.4
-3.000 0.000 1 0.1
-3.000 0.000 3 0.2
-3.000 0.000 0 0.6
-1.000 0.000 2 0.3
-1.000 0.000 0 0.8
1.000 0.000 3 0.9
1.000 0.000 2 0.1
3.000 0.000 2 1.4
5.000 0.000 0 0.8
5.000 0.000 1 0.1
5.000 0.000 2 0.6
5.000 0.000 3 0.2
7.000 0.000 1 1.7
7.000 0.000 2 0.2
-6.000 1.000 0 1.6
-4.000 1.000 0 0.7
-4.000 1.000 2 0.1
-4.000 1.000 1 0.6
-2.000 1.000 3 1.1
0.000 1.000 0 0.8
2.000 1.000 0 0.4
2.000 1.000 3 0.3
2.000 1.000 2 0.1
2.000 1.000 1 0.3
4.000 1.000 0 0.3
4.000 1.000 1 1.0
6.000 1.000 0 1.2
6.000 1.000 3 0.4
-5.000 2.000 2 1.4
-3.000 2.000 3 1.0
-1.000 2.000 2 0.6
-1.000 2.000 1 0.1
-1.000 2.000 3 0.1
1.000 2.000 1 0.6
1.000 2.000 3 0.1
3.000 2.000 0 0.3
3.000 2.000 1 0.4
3.000 2.000 3 0.1
3.000 2.000 2 0.2
5.000 2.000 2 0.1
5.000 2.000 1 0.4
5.000 2.000 0 0.4
5.000 2.000 3 0.4
-4.000 3.000 1 0.7
-4.000 3.000 0 0.1
-4.000 3.000 3 0.3
-2.000 3.000 2 0.8
0.000 3.000 1 0.1
0.000 3.000 2 0.3
0.000 3.000 0 0.1
2.000 3.000 3 0.5
2.000 3.000 2 0.3
4.000 3.000 1 1.1
-3.000 4.000 3 0.2
-3.000 4.000 0 0.1
-3.000 4.000 1 0.3
-3.000 4.000 2 0.2
-1.000 4.000 0 0.1
-1.000 4.000 2 0.1
-1.000 4.000 3 0.1
-1.000 4.000 1 0.2
1.000 4.000 1 0.5
3.000 4.000 1 0.3
3.000 4.000 2 0.4
3.000 4.000 0 0.1
-2.000 5.000 3 0.2
-2.000 5.000 1 0.1
-2.000 5.000 2 0.1
-2.000 5.000 0 0.1
0.000 5.000 3 0.1
0.000 5.000 2 0.1
0.000 5.000 1 0.0
2.000 5.000 1 0.1
2.000 5.000 3 0.4
-1.000 6.000 3 0.0
-1.000 6.000 2 0.1
-1.000 6.000 0 0.1
1.000 6.000 3 0.2
0.000 7.000
6.0 1 2 3 
6.0 4 
12.0 5 6 7 
6.0 8 9 10 
12.0 11 12 13 14 
18.0 15 
12.0 16 17 18 
12.0 19 20 21 
18.0 22 
24.0 23 24 
18.0 25 26 27 28 
12.0 29 30 
18.0 31 32 33 34 
24.0 35 36 37 
30.0 38 39 
24.0 40 41 42 43 
18.0 44 
18.0 45 46 47 
24.0 48 49 50 51 
30.0 52 53 
36.0 54 55 56 
30.0 57 58 59 
24.0 60 61 
18.0 62 63 64 65 
24.0 66 67 
30.0 68 69 70 71 
36.0 72 73 
42.0 74 
36.0 75 76 
30.0 77 78 79 80 
24.0 81 82 
24.0 83 84 
30.0 85 
36.0 86 87 88 89 
42.0 90 91 
36.0 92 
30.0 93 94 95 
24.0 96 
18.0 97 
24.0 98 99 100 101 
30.0 102 103 
36.0 104 105 
30.0 106 
24.0 107 
18.0 108 109 110 
18.0 111 112 
24.0 113 114 115 116 
30.0 117 118 119 120 
24.0 121 122 123 
18.0 124 
12.0 125 126 127 
18.0 128 129 
24.0 130 
18.0 131 132 133 134 
12.0 135 136 137 138 
12.0 139 
18.0 140 141 142 
12.0 143 144 145 146 
6.0 147 148 149 
12.0 150 151 
6.0 152 153 154 
6.0 155 
0 1 2 3 
0 
3 
