c 62
v 4
s 4
n 154
tmax 17.8
0.000 -7.000
-1.000 -6.000 0 0.0
-1.000 -6.000 1 0.0
-1.000 -6.000 3 0.1
-1.000 -6.000 2 0.1
1.000 -6.000 2 0.0
1.000 -6.000 0 0.1
1.000 -6.000 3 0.1
-2.000 -5.000 3 0.1
-2.000 -5.000 1 0.1
-2.000 -5.000 2 0.2
-2.000 -5.000 0 0.1
0.000 -5.000 2 0.1
0.000 -5.000 0 0.1
2.000 -5.000 1 0.5
-3.000 -4.000 0 0.8
-1.000 -4.000 2 0.2
-1.000 -4.000 0 0.2
-1.000 -4.000 1 0.1
1.000 -4.000 2 0.5
3.000 -4.000 0 0.8
-4.000 -3.000 3 0.5
-4.000 -3.000 0 0.2
-4.000 -3.000 2 0.3
-2.000 -3.000 0 0.5
-2.000 -3.000 2 0.3
0.000 -3.000 1 0.4
0.000 -3.000 0 0.1
2.000 -3.000 2 0.3
2.000 -3.000 3 0.1
2.000 -3.000 0 0.1
2.000 -3.000 1 0.2
4.000 -3.000 0 0.4
4.000 -3.000 1 0.2
4.000 -3.000 3 0.4
-5.000 -2.000 3 1.4
-3.000 -2.000 1 0.4
-3.000 -2.000 0 0.2
-3.000 -2.000 2 0.2
-3.000 -2.000 3 0.2
-1.000 -2.000 0 0.4
-1.000 -2.000 1 0.1
-1.000 -2.000 3 0.2
1.000 -2.000 3 0.7
3.000 -2.000 2 1.1
5.000 -2.000 0 0.4
5.000 -2.000 3 0.4
5.000 -2.000 2 0.5
-6.000 -1.000 2 1.7
-4.000 -1.000 3 1.0
-4.000 -1.000 0 0.3
-2.000 -1.000 0 1.1
0.000 -1.000 0 0.1
0.000 -1.000 2 0.7
2.000 -1.000 3 0.7
2.000 -1.000 1 0.4
4.000 -1.000 3 1.4
6.000 -1.000 0 0.1
6.000 -1.000 2 1.2
6.000 -1.000 3 0.3
-7.000 0.000 1 1.3
-7.000 0.000 3 0.3
-7.000 0.000 0 0.3
-5.000 0.000 2 0.1
-5.000 0.000 3 1.6
-3.000 0.000 1 1.4
-1.000 0.000 2 0.3
-1.000 0.000 1 0.1
-1.000 0.000 3 0.4
-1.000 0.000 0 0.2
1.000 0.000 3 0.1
1.000 0.000 1 0.1
1.000 0.000 0 0.8
3.000 0.000 0 1.1
3.000 0.000 1 0.3
5.000 0.000 1 1.4
5.000 0.000 3 0.1
7.000 0.000 1 1.0
7.000 0.000 2 0.2
7.000 0.000 3 0.7
-6.000 1.000 0 0.8
-6.000 1.000 2 0.2
-6.000 1.000 3 0.5
-4.000 1.000 1 0.9
-4.000 1.000 0 0.4
-2.000 1.000 1 0.4
-2.000 1.000 2 0.3
-2.000 1.000 3 0.4
0.000 1.000 0 0.5
0.000 1.000 2 0.3
2.000 1.000 1 0.4
2.000 1.000 0 0.2
2.000 1.000 2 0.3
2.000 1.000 3 0.2
4.000 1.000 2 0.4
4.000 1.000 3 0.6
4.000 1.000 0 0.2
4.000 1.000 1 0.1
6.000 1.000 2 0.2
6.000 1.000 0 0.6
6.000 1.000 1 0.7
6.000 1.000 3 0.1
-5.000 2.000 2 1.3
-3.000 2.000 3 0.2
-3.000 2.000 0 0.4
-3.000 2.000 2 0.4
-1.000 2.000 3 0.8
1.000 2.000 3 0.2
1.000 2.000 2 0.1
1.000 2.000 1 0.5
3.000 2.000 0 0.6
3.000 2.000 3 0.3
3.000 2.000 2 0.1
5.000 2.000 2 1.2
5.000 2.000 3 0.1
-4.000 3.000 3 0.1
-4.000 3.000 0 0.6
-4.000 3.000 1 0.1
-4.000 3.000 2 0.2
-2.000 3.000 2 0.3
-2.000 3.000 0 0.4
-2.000 3.000 1 0.1
0.000 3.000 0 0.1
0.000 3.000 2 0.2
0.000 3.000 1 0.2
2.000 3.000 0 0.4
2.000 3.000 1 0.2
2.000 3.000 3 0.1
4.000 3.000 1 0.8
4.000 3.000 0 0.2
-3.000 4.000 2 0.1
-3.000 4.000 1 0.4
-3.000 4.000 3 0.2
-3.000 4.000 0 0.1
-1.000 4.000 3 0.5
1.000 4.000 3 0.1
1.000 4.000 1 0.4
3.000 4.000 1 0.2
3.000 4.000 0 0.1
3.000 4.000 3 0.3
3.000 4.000 2 0.2
-2.000 5.000 1 0.2
-2.000 5.000 0 0.2
-2.000 5.000 3 0.1
0.000 5.000 2 0.0
0.000 5.000 0 0.1
0.000 5.000 3 0.1
2.000 5.000 3 0.5
-1.000 6.000 3 0.2
1.000 6.000 2 0.0
1.000 6.000 1 0.1
1.000 6.000 0 0.1
1.000 6.000 3 0.0
0.000 7.000
6.0 1 2 3 4 
6.0 5 6 7 
12.0 8 9 10 11 
6.0 12 13 
12.0 14 
18.0 15 
12.0 16 17 18 
12.0 19 
18.0 20 
24.0 21 22 23 
18.0 24 25 
12.0 26 27 
18.0 28 29 30 31 
24.0 32 33 34 
30.0 35 
24.0 36 37 38 39 
18.0 40 41 42 
18.0 43 
24.0 44 
30.0 45 46 47 
36.0 48 
30.0 49 50 
24.0 51 
18.0 52 53 
24.0 54 55 
30.0 56 
36.0 57 58 59 
42.0 60 61 62 
36.0 63 64 
30.0 65 
24.0 66 67 68 69 
24.0 70 71 72 
30.0 73 74 
36.0 75 76 
42.0 77 78 79 
36.0 80 81 82 
30.0 83 84 
24.0 85 86 87 
18.0 88 89 
24.0 90 91 92 93 
30.0 94 95 96 97 
36.0 98 99 100 101 
30.0 102 
24.0 103 104 105 
18.0 106 
18.0 107 108 109 
24.0 110 111 112 
30.0 113 114 
24.0 115 116 117 118 
18.0 119 120 121 
12.0 122 123 124 
18.0 125 126 127 
24.0 128 129 
18.0 130 131 132 133 
12.0 134 
12.0 135 136 
18.0 137 138 139 140 
12.0 141 142 143 
6.0 144 145 146 
12.0 147 
6.0 148 
6.0 149 150 151 152 
0 3 
0 1 3 
1 2 
3 
