c 100
v 4
s 4
n 235
tmax 98.875
35.000 35.000
15.000 30.000 2 0.1
15.000 30.000 1 0.8
15.000 30.000 0 0.2
55.000 5.000 1 0.1
55.000 5.000 2 0.3
55.000 5.000 0 0.3
55.000 5.000 3 0.6
31.000 52.000 1 0.9
31.000 52.000 0 0.3
60.000 12.000 1 0.2
60.000 12.000 0 0.5
60.000 12.000 3 0.1
60.000 12.000 2 0.7
8.000 56.000 2 1.2
13.000 52.000 0 1.7
6.000 68.000 0 1.3
21.000 24.000 1 0.1
21.000 24.000 0 0.1
21.000 24.000 3 0.7
21.000 24.000 2 0.3
56.000 39.000 3 1.7
55.000 54.000 3 1.2
16.000 22.000 0 0.8
16.000 22.000 2 0.4
16.000 22.000 3 0.6
4.000 18.000 2 0.9
4.000 18.000 1 0.6
28.000 18.000 0 1.2
26.000 27.000 0 0.8
26.000 27.000 1 0.4
55.000 45.000 1 0.2
55.000 45.000 0 0.1
55.000 45.000 3 0.3
55.000 20.000 3 0.2
55.000 20.000 0 0.2
55.000 20.000 1 0.4
55.000 60.000 2 0.7
30.000 60.000 0 0.7
20.000 65.000 3 0.1
20.000 65.000 1 0.4
50.000 35.000 0 0.8
30.000 25.000 1 0.4
30.000 25.000 2 0.1
30.000 25.000 0 0.4
30.000 25.000 3 0.1
15.000 10.000 3 0.1
15.000 10.000 1 0.5
15.000 10.000 2 0.2
10.000 20.000 3 0.8
20.000 40.000 2 0.5
15.000 60.000 2 0.7
45.000 20.000 0 0.1
45.000 20.000 2 0.1
45.000 20.000 1 0.1
45.000 20.000 3 0.2
45.000 10.000 2 0.8
45.000 30.000 0 0.4
45.000 30.000 1 0.2
45.000 30.000 3 0.1
35.000 40.000 0 0.4
35.000 40.000 3 0.1
35.000 40.000 2 0.2
41.000 37.000 0 0.7
40.000 60.000 3 0.3
40.000 60.000 1 0.2
40.000 60.000 0 0.2
40.000 60.000 2 0.3
35.000 69.000 3 0.3
35.000 69.000 1 0.3
35.000 69.000 2 0.4
35.000 69.000 0 0.1
53.000 52.000 3 0.5
65.000 55.000 2 0.6
5.000 5.000 1 0.1
5.000 5.000 2 0.6
11.000 14.000 2 0.2
11.000 14.000 1 0.2
11.000 14.000 3 0.4
6.000 38.000 1 0.2
6.000 38.000 0 0.2
6.000 38.000 3 0.3
47.000 47.000 3 0.1
47.000 47.000 2 0.1
47.000 47.000 0 0.1
47.000 47.000 1 0.3
37.000 31.000 0 0.6
57.000 29.000 0 0.4
57.000 29.000 1 0.1
57.000 29.000 3 0.1
57.000 29.000 2 0.2
36.000 26.000 2 0.4
36.000 26.000 3 0.2
36.000 26.000 1 0.1
12.000 24.000 3 0.2
12.000 24.000 0 0.2
12.000 24.000 2 0.1
12.000 24.000 1 0.1
24.000 58.000 0 0.5
24.000 58.000 3 0.1
24.000 58.000 1 0.2
62.000 77.000 0 0.2
62.000 77.000 1 0.4
62.000 77.000 2 0.3
49.000 73.000 3 0.5
49.000 73.000 2 0.6
67.000 5.000 0 0.8
67.000 5.000 1 0.3
57.000 68.000 1 0.3
57.000 68.000 3 0.2
57.000 68.000 2 0.2
47.000 16.000 3 0.1
47.000 16.000 0 1.0
49.000 11.000 2 0.1
49.000 11.000 0 0.7
49.000 42.000 0 0.1
49.000 42.000 1 0.3
49.000 42.000 3 0.2
53.000 43.000 2 0.1
53.000 43.000 0 0.4
53.000 43.000 1 0.1
57.000 48.000 1 0.2
57.000 48.000 2 0.3
57.000 48.000 3 0.1
57.000 48.000 0 0.5
15.000 47.000 2 0.6
15.000 47.000 3 0.1
14.000 37.000 0 0.2
14.000 37.000 1 0.2
26.000 35.000 2 0.1
26.000 35.000 1 0.3
26.000 35.000 0 0.2
18.000 24.000 2 0.3
18.000 24.000 1 0.1
18.000 24.000 0 0.3
18.000 24.000 3 0.2
25.000 24.000 2 0.4
25.000 24.000 1 0.4
22.000 27.000 1 0.4
22.000 27.000 3 0.1
25.000 21.000 0 0.5
18.000 18.000 3 0.3
18.000 18.000 0 0.2
18.000 18.000 1 0.1
18.000 18.000 2 0.2
41.000 49.000 1 0.4
35.000 17.000 3 0.1
35.000 17.000 2 0.1
35.000 17.000 1 0.1
35.000 17.000 0 0.0
25.000 30.000 1 0.1
20.000 50.000 2 0.0
20.000 50.000 1 0.1
20.000 50.000 3 0.0
20.000 50.000 0 0.1
10.000 43.000 2 0.4
30.000 5.000 1 0.3
5.000 30.000 2 0.0
45.000 65.000 2 0.1
45.000 65.000 1 0.1
45.000 65.000 3 0.1
45.000 65.000 0 0.1
65.000 35.000 3 0.1
65.000 35.000 1 0.0
65.000 20.000 0 0.1
65.000 20.000 2 0.1
64.000 42.000 0 0.1
64.000 42.000 2 0.2
64.000 42.000 1 0.1
63.000 65.000 2 0.1
63.000 65.000 1 0.0
63.000 65.000 3 0.1
63.000 65.000 0 0.1
2.000 60.000 0 0.1
2.000 60.000 1 0.1
20.000 20.000 3 0.1
20.000 20.000 1 0.0
20.000 20.000 2 0.1
20.000 20.000 0 0.1
40.000 25.000 1 0.2
40.000 25.000 3 0.1
40.000 25.000 0 0.1
42.000 7.000 2 0.0
42.000 7.000 3 0.1
42.000 7.000 1 0.1
24.000 12.000 2 0.1
24.000 12.000 3 0.1
23.000 3.000 1 0.3
2.000 48.000 2 0.0
2.000 48.000 0 0.0
49.000 58.000 2 0.1
49.000 58.000 0 0.2
49.000 58.000 3 0.1
27.000 43.000 1 0.4
63.000 23.000 2 0.0
63.000 23.000 1 0.0
63.000 23.000 0 0.0
63.000 23.000 3 0.0
53.000 12.000 1 0.2
32.000 12.000 1 0.1
32.000 12.000 3 0.2
17.000 34.000 0 0.0
17.000 34.000 3 0.0
17.000 34.000 1 0.1
17.000 34.000 2 0.0
27.000 69.000 2 0.1
27.000 69.000 3 0.3
15.000 77.000 2 0.1
15.000 77.000 1 0.1
15.000 77.000 3 0.2
37.000 47.000 1 0.2
37.000 56.000 0 0.2
44.000 17.000 3 0.4
46.000 13.000 0 0.3
61.000 52.000 0 0.0
61.000 52.000 1 0.1
61.000 52.000 2 0.0
56.000 37.000 2 0.2
11.000 31.000 2 0.3
26.000 52.000 1 0.1
26.000 52.000 3 0.2
26.000 52.000 2 0.1
31.000 67.000 3 0.1
15.000 19.000 1 0.0
15.000 19.000 0 0.0
22.000 22.000 2 0.0
22.000 22.000 3 0.0
22.000 22.000 1 0.0
19.000 21.000 1 0.1
19.000 21.000 0 0.1
19.000 21.000 3 0.2
20.000 26.000 1 0.1
20.000 26.000 3 0.1
20.000 26.000 2 0.2
35.000 35.000
26.0 1 2 3 
29.0 4 5 6 7 
27.0 8 9 
31.0 10 11 12 13 
27.0 14 
36.0 15 
30.0 16 
28.0 17 18 19 20 
36.0 21 
26.0 22 
41.0 23 24 25 
35.0 26 27 
26.0 28 
27.0 29 30 
13.0 31 32 33 
19.0 34 35 36 
16.0 37 
16.0 38 
12.0 39 40 
19.0 41 
23.0 42 43 44 45 
20.0 46 47 48 
19.0 49 
12.0 50 
17.0 51 
11.0 52 53 54 55 
18.0 56 
17.0 57 58 59 
16.0 60 61 62 
16.0 63 
21.0 64 65 66 67 
23.0 68 69 70 71 
11.0 72 
14.0 73 
16.0 74 75 
18.0 76 77 78 
16.0 79 80 81 
13.0 82 83 84 85 
14.0 86 
18.0 87 88 89 90 
18.0 91 92 93 
13.0 94 95 96 97 
19.0 98 99 100 
20.0 101 102 103 
25.0 104 105 
25.0 106 107 
15.0 108 109 110 
25.0 111 112 
18.0 113 114 
13.0 115 116 117 
14.0 118 119 120 
23.0 121 122 123 124 
16.0 125 126 
11.0 127 128 
15.0 129 130 131 
22.0 132 133 134 135 
20.0 136 137 
11.0 138 139 
12.0 140 
17.0 141 142 143 144 
10.0 145 
7.0 146 147 148 149 
3.0 150 
5.0 151 152 153 154 
9.0 155 
8.0 156 
2.0 157 
9.0 158 159 160 161 
3.0 162 163 
6.0 164 165 
9.0 166 167 168 
8.0 169 170 171 172 
5.0 173 174 
8.0 175 176 177 178 
9.0 179 180 181 
5.0 182 183 184 
5.0 185 186 
7.0 187 
1.0 188 189 
10.0 190 191 192 
9.0 193 
2.0 194 195 196 197 
6.0 198 
7.0 199 200 
3.0 201 202 203 204 
10.0 205 206 
9.0 207 208 209 
6.0 210 
5.0 211 
9.0 212 
8.0 213 
3.0 214 215 216 
6.0 217 
7.0 218 
9.0 219 220 221 
3.0 222 
1.0 223 224 
2.0 225 226 227 
10.0 228 229 230 
9.0 231 232 233 
1 2 
0 3 
3 
1 3 
