c 100
v 4
s 4
n 251
tmax 53.375
35.000 35.000
15.000 30.000 3 0.1
15.000 30.000 0 0.2
15.000 30.000 1 0.2
15.000 30.000 2 0.7
55.000 5.000 1 0.1
55.000 5.000 0 0.6
55.000 5.000 2 0.6
31.000 52.000 3 1.2
60.000 12.000 0 0.5
60.000 12.000 3 0.1
60.000 12.000 2 0.2
60.000 12.000 1 0.6
8.000 56.000 2 0.3
8.000 56.000 1 0.9
13.000 52.000 3 0.6
13.000 52.000 0 0.6
13.000 52.000 2 0.5
6.000 68.000 0 0.1
6.000 68.000 3 0.4
6.000 68.000 2 0.2
6.000 68.000 1 0.6
21.000 24.000 0 1.1
21.000 24.000 3 0.2
56.000 39.000 3 1.6
55.000 54.000 3 0.3
55.000 54.000 2 0.9
16.000 22.000 2 1.1
16.000 22.000 0 0.3
16.000 22.000 3 0.4
4.000 18.000 0 1.6
28.000 18.000 3 0.2
28.000 18.000 2 0.3
28.000 18.000 1 0.5
28.000 18.000 0 0.1
26.000 27.000 3 0.1
26.000 27.000 1 1.2
55.000 45.000 2 0.1
55.000 45.000 1 0.4
55.000 20.000 1 0.5
55.000 20.000 3 0.2
55.000 20.000 0 0.2
55.000 60.000 0 0.3
55.000 60.000 1 0.2
55.000 60.000 2 0.1
55.000 60.000 3 0.1
30.000 60.000 3 0.2
30.000 60.000 2 0.5
20.000 65.000 3 0.1
20.000 65.000 0 0.4
50.000 35.000 0 0.8
30.000 25.000 0 0.8
30.000 25.000 2 0.2
30.000 25.000 1 0.1
15.000 10.000 0 0.1
15.000 10.000 3 0.8
10.000 20.000 2 0.1
10.000 20.000 0 0.6
10.000 20.000 1 0.1
20.000 40.000 3 0.5
15.000 60.000 2 0.2
15.000 60.000 0 0.1
15.000 60.000 1 0.1
15.000 60.000 3 0.4
45.000 20.000 2 0.5
45.000 10.000 3 0.7
45.000 10.000 0 0.1
45.000 30.000 1 0.1
45.000 30.000 0 0.1
45.000 30.000 2 0.1
45.000 30.000 3 0.5
35.000 40.000 1 0.7
41.000 37.000 2 0.2
41.000 37.000 0 0.1
41.000 37.000 3 0.1
41.000 37.000 1 0.3
40.000 60.000 3 0.1
40.000 60.000 0 0.2
40.000 60.000 1 0.4
40.000 60.000 2 0.2
35.000 69.000 0 0.4
35.000 69.000 2 0.2
35.000 69.000 1 0.4
53.000 52.000 3 0.1
53.000 52.000 0 0.2
53.000 52.000 1 0.1
53.000 52.000 2 0.1
65.000 55.000 3 0.2
65.000 55.000 1 0.2
65.000 55.000 2 0.2
5.000 5.000 2 0.2
5.000 5.000 1 0.1
5.000 5.000 3 0.3
5.000 5.000 0 0.1
11.000 14.000 3 0.4
11.000 14.000 2 0.4
6.000 38.000 1 0.1
6.000 38.000 2 0.3
6.000 38.000 3 0.1
6.000 38.000 0 0.2
47.000 47.000 3 0.5
47.000 47.000 1 0.1
37.000 31.000 1 0.2
37.000 31.000 0 0.1
37.000 31.000 2 0.2
37.000 31.000 3 0.1
57.000 29.000 3 0.7
57.000 29.000 2 0.1
36.000 26.000 1 0.6
36.000 26.000 2 0.2
12.000 24.000 1 0.2
12.000 24.000 3 0.4
24.000 58.000 0 0.3
24.000 58.000 3 0.2
24.000 58.000 1 0.1
24.000 58.000 2 0.2
62.000 77.000 0 0.4
62.000 77.000 1 0.4
49.000 73.000 1 0.8
49.000 73.000 3 0.2
49.000 73.000 0 0.1
67.000 5.000 1 1.0
67.000 5.000 2 0.1
57.000 68.000 1 0.6
47.000 16.000 3 1.1
49.000 11.000 1 0.2
49.000 11.000 3 0.2
49.000 11.000 0 0.4
49.000 42.000 2 0.2
49.000 42.000 0 0.1
49.000 42.000 3 0.2
53.000 43.000 2 0.2
53.000 43.000 0 0.1
53.000 43.000 3 0.1
53.000 43.000 1 0.2
57.000 48.000 1 0.3
57.000 48.000 2 0.1
57.000 48.000 0 0.2
57.000 48.000 3 0.4
15.000 47.000 2 0.7
14.000 37.000 3 0.1
14.000 37.000 2 0.3
26.000 35.000 2 0.2
26.000 35.000 3 0.2
26.000 35.000 0 0.1
26.000 35.000 1 0.1
18.000 24.000 3 0.1
18.000 24.000 2 0.4
18.000 24.000 0 0.3
18.000 24.000 1 0.1
25.000 24.000 1 0.5
25.000 24.000 2 0.4
22.000 27.000 3 0.1
22.000 27.000 2 0.4
25.000 21.000 1 0.1
25.000 21.000 0 0.4
18.000 18.000 0 0.7
18.000 18.000 2 0.1
41.000 49.000 0 0.1
41.000 49.000 2 0.1
41.000 49.000 3 0.1
41.000 49.000 1 0.1
35.000 17.000 2 0.1
35.000 17.000 0 0.1
35.000 17.000 1 0.1
35.000 17.000 3 0.0
25.000 30.000 0 0.1
20.000 50.000 0 0.2
10.000 43.000 1 0.2
10.000 43.000 0 0.1
30.000 5.000 1 0.1
30.000 5.000 3 0.1
30.000 5.000 2 0.1
5.000 30.000 3 0.0
5.000 30.000 1 0.0
5.000 30.000 2 0.0
5.000 30.000 0 0.0
45.000 65.000 1 0.3
65.000 35.000 0 0.0
65.000 35.000 3 0.0
65.000 35.000 1 0.1
65.000 20.000 1 0.2
64.000 42.000 0 0.3
64.000 42.000 3 0.1
63.000 65.000 3 0.1
63.000 65.000 1 0.1
63.000 65.000 0 0.1
2.000 60.000 0 0.1
2.000 60.000 1 0.1
20.000 20.000 2 0.1
20.000 20.000 3 0.1
20.000 20.000 0 0.0
20.000 20.000 1 0.1
40.000 25.000 0 0.3
40.000 25.000 3 0.1
42.000 7.000 0 0.0
42.000 7.000 3 0.1
42.000 7.000 1 0.1
24.000 12.000 1 0.2
23.000 3.000 3 0.1
23.000 3.000 2 0.1
23.000 3.000 1 0.1
2.000 48.000 3 0.0
2.000 48.000 0 0.0
2.000 48.000 2 0.0
49.000 58.000 0 0.2
49.000 58.000 2 0.2
27.000 43.000 1 0.1
27.000 43.000 2 0.2
27.000 43.000 3 0.1
63.000 23.000 2 0.0
53.000 12.000 0 0.0
53.000 12.000 1 0.1
53.000 12.000 3 0.1
32.000 12.000 1 0.3
17.000 34.000 2 0.1
17.000 34.000 3 0.0
27.000 69.000 0 0.1
27.000 69.000 1 0.1
27.000 69.000 3 0.1
27.000 69.000 2 0.1
15.000 77.000 3 0.3
15.000 77.000 2 0.1
37.000 47.000 1 0.1
37.000 47.000 0 0.1
37.000 56.000 2 0.1
37.000 56.000 3 0.1
44.000 17.000 3 0.4
46.000 13.000 3 0.3
61.000 52.000 0 0.0
61.000 52.000 1 0.1
61.000 52.000 3 0.0
61.000 52.000 2 0.0
56.000 37.000 1 0.2
11.000 31.000 2 0.3
26.000 52.000 2 0.2
26.000 52.000 1 0.2
31.000 67.000 2 0.1
31.000 67.000 0 0.0
15.000 19.000 0 0.0
22.000 22.000 3 0.0
22.000 22.000 0 0.0
22.000 22.000 1 0.0
22.000 22.000 2 0.0
19.000 21.000 0 0.1
19.000 21.000 2 0.1
19.000 21.000 1 0.1
19.000 21.000 3 0.1
20.000 26.000 1 0.3
20.000 26.000 3 0.1
35.000 35.000
26.0 1 2 3 4 
29.0 5 6 7 
27.0 8 
31.0 9 10 11 12 
27.0 13 14 
36.0 15 16 17 
30.0 18 19 20 21 
28.0 22 23 
36.0 24 
26.0 25 26 
41.0 27 28 29 
35.0 30 
26.0 31 32 33 34 
27.0 35 36 
13.0 37 38 
19.0 39 40 41 
16.0 42 43 44 45 
16.0 46 47 
12.0 48 49 
19.0 50 
23.0 51 52 53 
20.0 54 55 
19.0 56 57 58 
12.0 59 
17.0 60 61 62 63 
11.0 64 
18.0 65 66 
17.0 67 68 69 70 
16.0 71 
16.0 72 73 74 75 
21.0 76 77 78 79 
23.0 80 81 82 
11.0 83 84 85 86 
14.0 87 88 89 
16.0 90 91 92 93 
18.0 94 95 
16.0 96 97 98 99 
13.0 100 101 
14.0 102 103 104 105 
18.0 106 107 
18.0 108 109 
13.0 110 111 
19.0 112 113 114 115 
20.0 116 117 
25.0 118 119 120 
25.0 121 122 
15.0 123 
25.0 124 
18.0 125 126 127 
13.0 128 129 130 
14.0 131 132 133 134 
23.0 135 136 137 138 
16.0 139 
11.0 140 141 
15.0 142 143 144 145 
22.0 146 147 148 149 
20.0 150 151 
11.0 152 153 
12.0 154 155 
17.0 156 157 
10.0 158 159 160 161 
7.0 162 163 164 165 
3.0 166 
5.0 167 
9.0 168 169 
8.0 170 171 172 
2.0 173 174 175 176 
9.0 177 
3.0 178 179 180 
6.0 181 
9.0 182 183 
8.0 184 185 186 
5.0 187 188 
8.0 189 190 191 192 
9.0 193 194 
5.0 195 196 197 
5.0 198 
7.0 199 200 201 
1.0 202 203 204 
10.0 205 206 
9.0 207 208 209 
2.0 210 
6.0 211 212 213 
7.0 214 
3.0 215 216 
10.0 217 218 219 220 
9.0 221 222 
6.0 223 224 
5.0 225 226 
9.0 227 
8.0 228 
3.0 229 230 231 232 
6.0 233 
7.0 234 
9.0 235 236 
3.0 237 238 
1.0 239 
2.0 240 241 242 243 
10.0 244 245 246 247 
9.0 248 249 
1 3 
0 2 
2 3 
3 
